<?xml version="1.0"?>
<opencv_storage>
<calibration_time>"Sun 21 Jan 2018 10:18:19 PM"</calibration_time>
<nr_of_frames>9</nr_of_frames>
<image_width>640</image_width>
<image_height>480</image_height>
<board_width>9</board_width>
<board_height>6</board_height>
<square_size>26.</square_size>
<fix_aspect_ratio>1.</fix_aspect_ratio>
<!-- flags: +fix_skew +fix_k4 +recompute_extrinsic -->
<flags>138</flags>
<fisheye_model>1</fisheye_model>
<camera_matrix type_id="opencv-matrix">
  <rows>3</rows>
  <cols>3</cols>
  <dt>d</dt>
  <data>
    3.7968122807035485e+02 0. 2.8988911187796873e+02 0.
    3.8147177084078726e+02 2.3563370778402819e+02 0. 0. 1.</data></camera_matrix>
<distortion_coefficients type_id="opencv-matrix">
  <rows>4</rows>
  <cols>1</cols>
  <dt>d</dt>
  <data>
    5.6404815052687161e-04 -1.4766168938454755e-01
    4.9949882231433790e-02 0.</data></distortion_coefficients>
<avg_reprojection_error>1.0627637168827131e+00</avg_reprojection_error>
<per_view_reprojection_errors type_id="opencv-matrix">
  <rows>9</rows>
  <cols>1</cols>
  <dt>f</dt>
  <data>
    8.46274912e-01 8.58528614e-01 7.31824696e-01 7.16485322e-01
    1.61161089e+00 1.49576795e+00 1.04005265e+00 1.15507293e+00
    6.42273426e-01</data></per_view_reprojection_errors>
<!-- a set of 6-tuples (rotation vector + translation vector) for each view -->
<extrinsic_parameters type_id="opencv-matrix">
  <rows>9</rows>
  <cols>6</cols>
  <dt>d</dt>
  <data>
    -1.4386450871568596e-01 -1.0757734561913972e-01
    -3.0850432129252843e+00 9.9764211881057179e+01
    5.8903471605669147e+01 1.1100411123218836e+02 4.6450023208094909e-02
    1.1357236598549943e-01 3.0847321318005951e+00 1.0624487712452904e+02
    5.8406747147194260e+01 1.1741993181260932e+02
    -2.6312989940432591e-02 -4.5162018545934143e-02
    -3.0636039351110682e+00 9.2243607045206346e+01
    6.5287432772780406e+01 1.3003296518445279e+02 2.4862941454253396e-01
    4.3913444738785936e-03 3.0890517963106228e+00 1.5685169273132954e+02
    4.5187079321889861e+01 1.2852806799306569e+02 2.3118259615925602e-01
    1.3533955470004784e+00 2.7970254027011765e+00 1.1524002867364337e+02
    5.9010352193131254e+01 1.1332318797414904e+02 4.1075367215924696e-01
    1.2084388144128941e+00 2.7634079997866570e+00 1.4035965819812944e+02
    4.0399361242191922e+01 1.1339085681973026e+02
    -1.1421261357924550e+00 -2.2223954852930125e-01
    2.7024086693904152e+00 7.6916787391498730e+01 4.0503648296014369e+01
    3.0375533717944052e+02 -1.0592557633395387e+00
    -2.8394803195461304e-01 2.7018165536842069e+00
    1.0022619867100229e+02 7.3474552877968158e+00 2.9332736917362524e+02
    3.0059591625762361e-01 1.9400446537312391e-01 2.9911306989899726e+00
    1.7037533059698396e+02 2.2122943362787392e+01 2.0576276835956159e+02</data></extrinsic_parameters>
<image_points type_id="opencv-matrix">
  <rows>9</rows>
  <cols>54</cols>
  <dt>"2f"</dt>
  <data>
    5.42506714e+02 3.84310791e+02 4.91869568e+02 3.93358124e+02
    4.28185333e+02 3.98635437e+02 3.54857758e+02 3.98578094e+02
    2.79551056e+02 3.94486176e+02 2.06719986e+02 3.86475708e+02
    1.40767914e+02 3.75231842e+02 8.70181580e+01 3.62363464e+02
    4.60721130e+01 3.48629028e+02 5.52156982e+02 3.21450348e+02
    5.00681305e+02 3.25002167e+02 4.35944244e+02 3.26502319e+02
    3.61168396e+02 3.25210876e+02 2.82948181e+02 3.21262543e+02
    2.07755859e+02 3.15011841e+02 1.40685867e+02 3.07168549e+02
    8.57714233e+01 2.98625305e+02 4.21592522e+01 2.90200378e+02
    5.58209717e+02 2.54358902e+02 5.06753265e+02 2.52477814e+02
    4.42058380e+02 2.49727921e+02 3.65881744e+02 2.46349136e+02
    2.86498688e+02 2.42472626e+02 2.10529160e+02 2.38522522e+02
    1.42974319e+02 2.34899521e+02 8.84953537e+01 2.32014618e+02
    4.51314316e+01 2.29295258e+02 5.56185547e+02 1.87510727e+02
    5.05698181e+02 1.79500229e+02 4.42839844e+02 1.72480301e+02
    3.68508484e+02 1.67431107e+02 2.91107239e+02 1.64034576e+02
    2.17216217e+02 1.63254074e+02 1.51397781e+02 1.64022263e+02
    9.62692871e+01 1.65714966e+02 5.24019470e+01 1.68428528e+02
    5.47969727e+02 1.25657204e+02 4.98625641e+02 1.14415726e+02
    4.38246063e+02 1.05026031e+02 3.68659058e+02 9.64641037e+01
    2.95492706e+02 9.41865463e+01 2.24823547e+02 9.53984909e+01
    1.61664108e+02 9.95772400e+01 1.07675880e+02 1.05616661e+02
    6.45096741e+01 1.12591278e+02 5.37592957e+02 7.16713715e+01
    4.89423065e+02 5.84833832e+01 4.31647583e+02 4.73705177e+01
    3.66880280e+02 3.96927452e+01 2.98640656e+02 3.53945389e+01
    2.33578156e+02 3.82834053e+01 1.73260849e+02 4.45327873e+01
    1.20272392e+02 5.21192055e+01 7.77046356e+01 6.22915726e+01
    5.45967651e+02 3.75429779e+02 4.98917450e+02 3.91325836e+02
    4.39679413e+02 4.04976074e+02 3.70087036e+02 4.14453796e+02
    2.97251678e+02 4.19846130e+02 2.24211716e+02 4.20876312e+02
    1.56944992e+02 4.17458496e+02 1.00170670e+02 4.09641357e+02
    5.64409180e+01 3.98463104e+02 5.49734497e+02 3.16418518e+02
    5.01741669e+02 3.27338196e+02 4.40840576e+02 3.37024078e+02
    3.69346100e+02 3.45416626e+02 2.92781708e+02 3.50735077e+02
    2.17270889e+02 3.52894470e+02 1.47336853e+02 3.51567535e+02
    9.01906815e+01 3.47542389e+02 4.36072350e+01 3.41952179e+02
    5.50427612e+02 2.52375671e+02 5.01838043e+02 2.58287231e+02
    4.40376648e+02 2.63884430e+02 3.66857452e+02 2.69389099e+02
    2.88230469e+02 2.74063385e+02 2.11000351e+02 2.77409698e+02
    1.40495651e+02 2.79567200e+02 8.35371246e+01 2.80481873e+02
    3.78691673e+01 2.80078857e+02 5.44155334e+02 1.87885666e+02
    4.95517578e+02 1.87240616e+02 4.34668732e+02 1.87861740e+02
    3.61659332e+02 1.90470688e+02 2.84135498e+02 1.94543198e+02
    2.08415146e+02 1.99925903e+02 1.39813324e+02 2.05730652e+02
    8.21707230e+01 2.11417557e+02 3.68157654e+01 2.16627823e+02
    5.32065796e+02 1.26722229e+02 4.83213470e+02 1.22402649e+02
    4.23933380e+02 1.19409676e+02 3.54795074e+02 1.17857788e+02
    2.80626404e+02 1.21641235e+02 2.08196152e+02 1.28489563e+02
    1.42381546e+02 1.36991882e+02 8.62956390e+01 1.47062180e+02
    4.16145821e+01 1.56584152e+02 5.18141479e+02 7.24323730e+01
    4.70308197e+02 6.49797897e+01 4.12387329e+02 5.95559235e+01
    3.46945160e+02 5.77150993e+01 2.77316864e+02 5.89298401e+01
    2.10115540e+02 6.65258026e+01 1.47503632e+02 7.69632034e+01
    9.26562500e+01 8.83290024e+01 4.94571495e+01 1.01793709e+02
    5.05762878e+02 3.88147156e+02 4.55826569e+02 3.94365570e+02
    3.96027802e+02 3.96803833e+02 3.28564636e+02 3.95042877e+02
    2.59366150e+02 3.90386658e+02 1.92036591e+02 3.82140839e+02
    1.29889832e+02 3.71379730e+02 7.82270508e+01 3.58348389e+02
    3.78151512e+01 3.44446045e+02 5.16252014e+02 3.30455139e+02
    4.65624023e+02 3.32212372e+02 4.04333496e+02 3.31504211e+02
    3.35307312e+02 3.28943909e+02 2.63424744e+02 3.23724091e+02
    1.93266022e+02 3.16457947e+02 1.29702042e+02 3.07842682e+02
    7.65964661e+01 2.98318665e+02 3.38840103e+01 2.89069275e+02
    5.24516296e+02 2.68471069e+02 4.74097870e+02 2.65950592e+02
    4.12539032e+02 2.62341125e+02 3.41598083e+02 2.57286285e+02
    2.68012970e+02 2.51680389e+02 1.96749664e+02 2.45534958e+02
    1.31930664e+02 2.39827271e+02 7.90421143e+01 2.34590607e+02
    3.63767891e+01 2.29936493e+02 5.27385925e+02 2.05625092e+02
    4.77421509e+02 1.98053925e+02 4.17031189e+02 1.90094406e+02
    3.47319519e+02 1.83386490e+02 2.74146606e+02 1.77526718e+02
    2.04113312e+02 1.73578644e+02 1.40346024e+02 1.71457642e+02
    8.63058090e+01 1.70266998e+02 4.28395767e+01 1.70387756e+02
    5.24123718e+02 1.45220062e+02 4.75275055e+02 1.34584015e+02
    4.16673401e+02 1.24144302e+02 3.50689789e+02 1.14531876e+02
    2.80583893e+02 1.09321823e+02 2.12599670e+02 1.07181099e+02
    1.50731613e+02 1.07642708e+02 9.76947632e+01 1.10395485e+02
    5.47155380e+01 1.14596313e+02 5.19434753e+02 9.15272980e+01
    4.71441284e+02 7.80359955e+01 4.15082306e+02 6.62631683e+01
    3.52340179e+02 5.68445702e+01 2.86215759e+02 4.94790726e+01
