<?xml version="1.0"?>
<opencv_storage>
<calibration_time>"Sun 21 Jan 2018 10:08:38 PM"</calibration_time>
<nr_of_frames>15</nr_of_frames>
<image_width>640</image_width>
<image_height>480</image_height>
<board_width>9</board_width>
<board_height>6</board_height>
<square_size>26.</square_size>
<fix_aspect_ratio>1.</fix_aspect_ratio>
<!-- flags: +fix_skew +fix_k4 +recompute_extrinsic -->
<flags>138</flags>
<fisheye_model>1</fisheye_model>
<camera_matrix type_id="opencv-matrix">
  <rows>3</rows>
  <cols>3</cols>
  <dt>d</dt>
  <data>
    3.9391799137976386e+02 0. 2.9109905085084955e+02 0.
    3.9734685282273148e+02 2.5055145140932785e+02 0. 0. 1.</data></camera_matrix>
<distortion_coefficients type_id="opencv-matrix">
  <rows>4</rows>
  <cols>1</cols>
  <dt>d</dt>
  <data>
    -2.8848079298308110e-02 -1.3857490573100045e-01
    5.1156592642758389e-02 0.</data></distortion_coefficients>
<avg_reprojection_error>6.5219343794507445e-01</avg_reprojection_error>
<per_view_reprojection_errors type_id="opencv-matrix">
  <rows>15</rows>
  <cols>1</cols>
  <dt>f</dt>
  <data>
    6.75922513e-01 8.05827260e-01 5.64976037e-01 4.14179325e-01
    3.97628337e-01 6.28205299e-01 6.13973796e-01 8.04364264e-01
    4.39260036e-01 5.99685788e-01 5.46128094e-01 8.64229858e-01
    4.16503787e-01 8.21246147e-01 8.72361720e-01</data></per_view_reprojection_errors>
<!-- a set of 6-tuples (rotation vector + translation vector) for each view -->
<extrinsic_parameters type_id="opencv-matrix">
  <rows>15</rows>
  <cols>6</cols>
  <dt>d</dt>
  <data>
    5.0981398374276132e-01 7.7521366067981032e-02 2.6003919040357930e+00
    1.2905500751176544e+02 1.2579648803300126e+01 1.3922691384424883e+02
    6.6787305197861468e-01 8.8071667264688624e-02 2.6833543787471106e+00
    1.6881281070475598e+02 2.5805463631391561e+01 1.5153427979397600e+02
    -4.7454399529115326e-01 -5.3211171952973924e-01
    -2.9763867476596690e+00 1.0662540970022070e+02
    9.1785009499419061e+01 1.7220710348401724e+02
    -9.7880702200985811e-02 -7.2127568872455072e-01
    -2.9844618630396202e+00 3.5926739666501497e+01
    1.0661208491990064e+02 2.1994148448987357e+02 2.2672363575477129e-02
    -7.3612540264182369e-01 -3.0083574019219115e+00
    7.0431666072307406e+00 1.0873891048798470e+02 2.2788860164666534e+02
    1.1378939560755692e+00 5.8589408716923519e-01 2.5666567447126947e+00
    1.8654839571220791e+02 3.1607571533137744e+01 1.7244388962478749e+02
    6.9497594050852307e-01 4.4853872729462746e-01 2.6982208848396869e+00
    8.0301352559813665e+01 1.4529385310174234e+01 1.6724744979658931e+02
    2.9557392323827808e-01 -1.0098306519153227e-01
    -2.9253290687995737e+00 9.3428689048443857e+01
    8.5431784953672832e+01 1.9068570176125556e+02
    -2.4774836500669975e-01 8.9782390349828739e-02
    -2.7116383985662136e+00 1.1052329631443699e+02
    8.5569422978441523e+01 2.0605987549613693e+02
    -3.2577942475384486e-01 4.8408441640442799e-02
    -2.7392528116946413e+00 9.2949797438971402e+01
    8.6597989810365377e+01 1.6789099465807877e+02 7.7084188570738243e-01
    3.4801442974080793e-01 2.0776265803247207e+00 5.0673516291246273e+01
    -2.5497167641734297e+01 1.9668464148156920e+02
    6.2958544664295346e-01 -7.0297616968195664e-01
    -2.8714532581080481e+00 1.5096292853511625e+02
    1.3452158219089227e+02 2.9157811624592517e+02
    -1.3377816632182640e-01 7.9513457482394767e-01
    2.4100457949504244e+00 1.6431072891506240e+01 1.1953707837647208e+01
    2.9067736636460194e+02 2.8047077263239956e-01
    -3.1422039313556988e-01 2.8316464715307990e+00
    1.1071893044994624e+02 5.6492957787852099e+01 1.4986730921905863e+02
    5.4510185649741694e-02 -3.0854842969407548e-01
    2.9005816365327566e+00 7.0114455862076483e+01 5.6357199570720127e+01
    2.1336691436120378e+02</data></extrinsic_parameters>
<image_points type_id="opencv-matrix">
  <rows>15</rows>
  <cols>54</cols>
  <dt>"2f"</dt>
  <data>
    5.70963318e+02 2.77615021e+02 5.30804382e+02 3.06519806e+02
    4.84554321e+02 3.34157776e+02 4.34721710e+02 3.59438873e+02
    3.85784271e+02 3.81762207e+02 3.38986481e+02 4.01254181e+02
    2.96211304e+02 4.16635773e+02 2.57802673e+02 4.29283295e+02
    2.24649078e+02 4.38637817e+02 5.50550903e+02 2.27672241e+02
    5.08866241e+02 2.55068039e+02 4.61515778e+02 2.83019836e+02
    4.11063110e+02 3.10373138e+02 3.61684448e+02 3.34919617e+02
    3.15390503e+02 3.56151550e+02 2.73320496e+02 3.74259583e+02
    2.35973938e+02 3.89337494e+02 2.03408157e+02 4.01508179e+02
    5.26258423e+02 1.75851532e+02 4.83088745e+02 2.02955826e+02
    4.35042816e+02 2.31021927e+02 3.84600586e+02 2.59231110e+02
    3.35848694e+02 2.85482605e+02 2.91166534e+02 3.08755188e+02
    2.50200150e+02 3.29576813e+02 2.14387878e+02 3.47303772e+02
    1.83290894e+02 3.62111267e+02 4.96908203e+02 1.27373604e+02
    4.53783569e+02 1.51559052e+02 4.06012817e+02 1.79138443e+02
    3.57002808e+02 2.07895554e+02 3.10244110e+02 2.35616516e+02
    2.67186432e+02 2.60978058e+02 2.28345184e+02 2.83996552e+02
    1.93887833e+02 3.04267975e+02 1.64296326e+02 3.21665466e+02
    4.65081116e+02 8.14314880e+01 4.22649200e+02 1.05580574e+02
    3.77028259e+02 1.31754044e+02 3.29831787e+02 1.59852020e+02
    2.85547211e+02 1.88326935e+02 2.44721100e+02 2.15326172e+02
    2.07898758e+02 2.40053406e+02 1.75334473e+02 2.62468781e+02
    1.47192719e+02 2.81932098e+02 4.34388947e+02 4.15119171e+01
    3.92853851e+02 6.38456345e+01 3.49178619e+02 8.93845139e+01
    3.05121307e+02 1.17178215e+02 2.62477295e+02 1.44982178e+02
    2.24368225e+02 1.72659485e+02 1.89616394e+02 1.98818268e+02
    1.57882812e+02 2.22504929e+02 1.32008026e+02 2.44043549e+02
    5.96639526e+02 2.97642273e+02 5.64616882e+02 3.17127289e+02
    5.26964783e+02 3.36076111e+02 4.85643188e+02 3.52740387e+02
    4.43190094e+02 3.68128204e+02 4.01198639e+02 3.81467560e+02
    3.61102234e+02 3.92615265e+02 3.23392883e+02 4.01563568e+02
    2.89689728e+02 4.08434937e+02 5.85799377e+02 2.53972900e+02
    5.53159180e+02 2.72144379e+02 5.14865417e+02 2.90891083e+02
    4.72530273e+02 3.08787140e+02 4.29120850e+02 3.25336548e+02
    3.86843079e+02 3.40032898e+02 3.46643738e+02 3.52831909e+02
    3.09490540e+02 3.63448700e+02 2.75619568e+02 3.72612427e+02
    5.72627258e+02 2.08353821e+02 5.38498230e+02 2.26365021e+02
    4.99139984e+02 2.44679718e+02 4.56414093e+02 2.63145416e+02
    4.13172363e+02 2.80747284e+02 3.71335846e+02 2.96638641e+02
    3.31367371e+02 3.11189728e+02 2.94923767e+02 3.23912354e+02
    2.61893951e+02 3.35028625e+02 5.54729187e+02 1.64221481e+02
    5.19988159e+02 1.79764038e+02 4.80346802e+02 1.98082169e+02
    4.38500275e+02 2.16522476e+02 3.95657867e+02 2.35340698e+02
    3.54663330e+02 2.52647293e+02 3.16078369e+02 2.69135162e+02
    2.80504517e+02 2.83644043e+02 2.48449478e+02 2.96656647e+02
    5.34027649e+02 1.19729950e+02 4.97891083e+02 1.37229980e+02
    4.60603180e+02 1.53577911e+02 4.18813477e+02 1.72191544e+02
    3.77757965e+02 1.91421646e+02 3.38154907e+02 2.10104691e+02
    3.00776367e+02 2.27861328e+02 2.66475830e+02 2.44327698e+02
    2.35575348e+02 2.58947449e+02 5.11517578e+02 8.14138870e+01
    4.77238220e+02 9.52048645e+01 4.38560577e+02 1.13031181e+02
    3.99572052e+02 1.30878342e+02 3.59466705e+02 1.50418533e+02
    3.22121429e+02 1.69740417e+02 2.86162231e+02 1.88909454e+02
    2.52632797e+02 2.06212814e+02 2.23429977e+02 2.22540085e+02
    4.87802887e+02 4.20935669e+02 4.44244385e+02 4.22680725e+02
    3.97923462e+02 4.21476746e+02 3.51077698e+02 4.17910706e+02
    3.05493835e+02 4.13005707e+02 2.62024109e+02 4.06230255e+02
    2.22339447e+02 3.98705322e+02 1.86210251e+02 3.90682007e+02
    1.54617844e+02 3.82517639e+02 4.93173950e+02 3.75482788e+02
    4.49896393e+02 3.76021576e+02 4.03922913e+02 3.74550995e+02
    3.56925842e+02 3.71923859e+02 3.11355255e+02 3.67715149e+02
    2.68336060e+02 3.62636810e+02 2.28565018e+02 3.56924133e+02
    1.92521027e+02 3.50984863e+02 1.60421814e+02 3.44878815e+02
