<?xml version="1.0"?>
<opencv_storage>
<calibration_time>"Mon 22 Jan 2018 12:14:11 AM"</calibration_time>
<nr_of_frames>24</nr_of_frames>
<image_width>640</image_width>
<image_height>480</image_height>
<board_width>9</board_width>
<board_height>6</board_height>
<square_size>26.</square_size>
<fix_aspect_ratio>1.</fix_aspect_ratio>
<!-- flags: +fix_skew +fix_k4 +recompute_extrinsic -->
<flags>138</flags>
<fisheye_model>1</fisheye_model>
<camera_matrix type_id="opencv-matrix">
  <rows>3</rows>
  <cols>3</cols>
  <dt>d</dt>
  <data>
    3.7575150581318337e+02 0. 2.9978601032576893e+02 0.
    3.8047674174071761e+02 2.4437998793275111e+02 0. 0. 1.</data></camera_matrix>
<distortion_coefficients type_id="opencv-matrix">
  <rows>4</rows>
  <cols>1</cols>
  <dt>d</dt>
  <data>
    -1.9769469386730368e-02 -1.2895307970375450e-01
    4.1004816055513822e-02 0.</data></distortion_coefficients>
<avg_reprojection_error>1.1291401118445676e+00</avg_reprojection_error>
<per_view_reprojection_errors type_id="opencv-matrix">
  <rows>24</rows>
  <cols>1</cols>
  <dt>f</dt>
  <data>
    7.91175604e-01 8.00597906e-01 5.41157365e-01 5.27182043e-01
    8.42137516e-01 1.34510529e+00 1.17226255e+00 1.04892063e+00
    6.56666696e-01 6.88513279e-01 1.39950013e+00 8.42151940e-01
    7.55467534e-01 1.15283203e+00 1.14397812e+00 1.05211735e+00
    1.44170630e+00 1.58038688e+00 1.51213729e+00 1.53650105e+00
    1.08067799e+00 1.44971526e+00 1.53106403e+00 1.02110171e+00</data></per_view_reprojection_errors>
<!-- a set of 6-tuples (rotation vector + translation vector) for each view -->
<extrinsic_parameters type_id="opencv-matrix">
  <rows>24</rows>
  <cols>6</cols>
  <dt>d</dt>
  <data>
    1.0787177788100721e-01 1.5656047264127015e-01 3.0621681362687982e+00
    8.4670220683014222e+01 1.6816564039459823e+01 1.9885419852243373e+02
    -3.1851597106315743e-01 -7.7767888670427790e-02
    -3.0991804366998839e+00 1.7512824875050825e+02
    2.5446759865396174e+01 1.5275891546917347e+02
    -3.1913288666509815e-01 -2.1366998116864622e-01
    -2.9820659870392512e+00 1.9602478632220669e+02
    1.1694248173299444e+02 1.7132320497294020e+02
    -2.6967963279199542e-01 -2.3866120602858643e-01
    -3.0024334077722412e+00 1.9290488217204549e+02
    1.1530477847000114e+02 1.8751017041367840e+02 3.1297468052951177e-01
    9.7017582459076948e-02 3.0542375181595318e+00 1.3177235869757538e+02
    3.2308714210695499e+01 1.6124895546241834e+02 2.5329501911052704e-01
    8.5757881922930684e-02 3.0905375326802997e+00 5.8509852552576085e+01
    3.6493231557230068e+01 1.3148428540705862e+02
    -1.5472418655703360e-01 -1.8586542577323331e-01
    -3.1053273223899756e+00 4.3301034828203811e+01
    2.9165516248187743e+01 1.5225446457770406e+02
    -4.0634869395151041e-02 -2.5242939815819593e-01
    -2.9704150783942835e+00 5.7796786694048485e+01
    7.9872676554907557e+01 1.5051161682040609e+02
    -4.0336298390944381e-01 -4.9222073491169714e-02
    -2.9402563191332498e+00 1.9064277946060238e+02
    5.0224060060738744e+01 1.7060724527134153e+02
    -2.2912293378889526e-01 -1.1742293158403977e-01
    -2.9387413401986171e+00 1.9400035388520203e+02
    4.4080037445432723e+01 1.9314978963883615e+02
    -6.0876207698818108e-01 5.7358061879383589e-02
    2.8653246547935596e+00 1.2385352026716282e+02
    -1.2059247245703091e-01 2.4468808339621663e+02
    1.8806431943964855e-01 2.3368804151672151e-01 2.3048231423345844e+00
    9.3643286393389474e+01 -3.2997459382796656e+01
    2.0074574458048360e+02 -5.5792086918173300e-01
    1.2542374867313361e-01 3.0400247031686982e+00
    -1.9605699153384224e+00 2.4526946778220442e+01
    2.8270979875988405e+02 6.9545647827258628e-01 5.1011014981773273e-01
    2.7126727232918957e+00 1.3890938145370217e+02 2.7934945775921662e+01
    1.4783633487988823e+02 6.3535050718300135e-01 5.7490605059261302e-01
    2.6592210923455379e+00 1.3162058880087653e+02 3.7267680852187020e+01
    1.5460693834492915e+02 -4.4403885585197332e-02
    5.1926383988602054e-01 2.7831747918435905e+00 3.2678090235097798e+01
    5.2719697855968491e+01 1.9264047034447302e+02 1.3149121575709182e+00
    -2.2233231584578361e-01 -2.7549069941740227e+00
    3.3185203529508826e+01 7.8116652998627956e+01 2.9611503600181413e+02
    1.0752725886371952e+00 -1.5920412128721209e-01
    -2.9328577944164520e+00 6.5786989494916895e+01
    4.1734882649668087e+01 2.5611921421010481e+02
    -1.0055728845138943e+00 -4.5591166682273077e-01
    -2.8501311550027038e+00 1.0970529106996591e+02
    5.8505087426930125e+01 1.0780147587853303e+02
    -8.1789759135508167e-01 -1.5957104939262548e-01
    -2.8474898741659653e+00 1.0081881786325812e+02
    5.3655479983091553e+01 1.0197800247224852e+02 5.5560497259394359e-01
    7.6125926566076108e-01 2.8898274766489727e+00 1.3393688717943371e+02
    8.0571454290580931e+01 1.6377786730585524e+02 1.6843371051178078e-02
    5.5470552439380427e-01 -2.9746355445781090e+00
    1.1521675759451821e+02 6.8868246689690480e+01 1.9603220570526298e+02
    3.3217699239448606e-01 4.9339699405784426e-01
    -2.9872526054785471e+00 6.3718122162210676e+01
    6.1194379459513669e+01 2.1859680155638867e+02 2.4996133268998502e-01
    8.8745887675687044e-02 2.5400665326497496e+00 4.3601629573174591e+01
    3.2018904143523408e-01 1.9163660732970359e+02</data></extrinsic_parameters>
