<?xml version="1.0"?>
<opencv_storage>
<calibration_time>"Sun 21 Jan 2018 10:25:33 PM"</calibration_time>
<nr_of_frames>21</nr_of_frames>
<image_width>640</image_width>
<image_height>480</image_height>
<board_width>9</board_width>
<board_height>6</board_height>
<square_size>26.</square_size>
<fix_aspect_ratio>1.</fix_aspect_ratio>
<!-- flags: +fix_skew +fix_k4 +recompute_extrinsic -->
<flags>138</flags>
<fisheye_model>1</fisheye_model>
<camera_matrix type_id="opencv-matrix">
  <rows>3</rows>
  <cols>3</cols>
  <dt>d</dt>
  <data>
    3.7306267303732216e+02 0. 2.8650833543615556e+02 0.
    3.7520893368200296e+02 2.6534218289422870e+02 0. 0. 1.</data></camera_matrix>
<distortion_coefficients type_id="opencv-matrix">
  <rows>4</rows>
  <cols>1</cols>
  <dt>d</dt>
  <data>
    -2.6477519176603855e-02 -9.7344321800763578e-02
    1.9663779112528337e-02 0.</data></distortion_coefficients>
<avg_reprojection_error>8.7232004410262198e-01</avg_reprojection_error>
<per_view_reprojection_errors type_id="opencv-matrix">
  <rows>21</rows>
  <cols>1</cols>
  <dt>f</dt>
  <data>
    1.21307456e+00 8.23635817e-01 9.77429032e-01 7.71793604e-01
    6.43691242e-01 6.92274690e-01 7.15467632e-01 6.87402129e-01
    6.86073303e-01 7.40476727e-01 8.08690250e-01 8.43582451e-01
    1.03900611e+00 7.64265776e-01 5.33768952e-01 5.28616250e-01
    5.53930521e-01 8.11485052e-01 7.70727754e-01 1.90313244e+00
    7.79073060e-01</data></per_view_reprojection_errors>
<!-- a set of 6-tuples (rotation vector + translation vector) for each view -->
<extrinsic_parameters type_id="opencv-matrix">
  <rows>21</rows>
  <cols>6</cols>
  <dt>d</dt>
  <data>
    9.3322415932368563e-01 2.0432861410452846e-01 2.7309575666069739e+00
    5.9206217844657679e+01 4.9158219491383441e+01 2.1682788040712370e+02
    -6.0105785753375218e-02 4.0654762814316930e-01
    2.9702684377419963e+00 3.4455235082551347e+01 1.7790903106342782e+01
    2.0884277120313533e+02 1.7260489399944393e-01 3.6869562234125847e-01
    2.9361645069447642e+00 7.9609239012739820e+01 3.8356317303402782e-01
    1.8760854002780232e+02 3.8137641252592924e-01 4.4779783886969593e-01
    2.9394960957594969e+00 2.0467828873468159e+02 2.5404061664541452e+01
    1.7199820701604881e+02 1.8471090196082446e-01 5.1292462328929889e-01
    2.7531925862398152e+00 1.0895473347424051e+02 6.2908306523924949e+01
    2.3408747127317685e+02 -3.1636314273826105e-01
    -5.4726925039557978e-02 -2.9774775826628370e+00
    2.2513103330355702e+02 8.5359915788700533e+01 1.9083280444270466e+02
    -2.5857575990321718e-01 -1.3815231494967900e-01
    -2.9744982189090918e+00 2.2114189344955059e+02
    1.0620421900384527e+02 1.8221650756118012e+02
    -2.1099617691214245e-01 2.2583079473105030e-01
    -2.8941387514370116e+00 2.2150409971502108e+02
    4.8012068025144089e+01 2.0925145285392901e+02 8.5431320332538044e-03
    -6.8145173321970592e-02 2.9662961745488863e+00
    1.6938969530259882e+02 -4.0010840487370828e+01
    2.1974275585095870e+02 6.9404322606879537e-02 6.6450322770822356e-02
    -3.1178235301986259e+00 1.8391179231761691e+02
    -1.1531648446047889e+01 2.2282897707191441e+02
    1.1235130409292363e-01 -1.3258492857138329e-01
    -3.0026832263866292e+00 6.0459685837947994e+01
    3.8850083210840083e+01 1.9614787329066326e+02
    -1.4515714885253078e-01 1.1596817056289921e-01
    3.1275729312384595e+00 3.5407079145230817e+01
    -2.4243385699652919e+01 2.1481124178130591e+02
    6.9925550788221857e-01 2.1984482425587626e-01 1.7054244325087646e+00
    1.2346175800174397e+02 -1.2301995063351335e+02
    1.6426017016168063e+02 1.0902898922655085e-02 2.8599828462633647e-01
    3.1032066389065855e+00 7.3146121282412267e+01 1.2721625772415368e+00
    2.1742633782135928e+02 -5.1149929666221949e-01
    3.9951765480767332e-01 2.8074710130272345e+00 3.8177631445379632e+01
    4.2978548549068655e+01 2.9435829264520783e+02 5.3407989436399939e-01
    -4.1959997293795609e-01 -2.9967049653859701e+00
    7.4795935459475373e+01 1.2678749449090650e+02 2.9735553601079704e+02
    5.1157181653936445e-01 -4.2906759252124044e-01
    -2.9417538033232917e+00 8.4350370582425938e+01
    1.5188503635140373e+02 2.9743612273078622e+02
    -1.6080177080013797e-01 1.9851419728769634e-01
    3.1191626289093017e+00 1.0045312771240132e+01
    -6.5580037939049262e+01 2.3641451859025861e+02
    -2.1025263945687704e-02 -2.0532897104589962e-01
    -3.1192183152973909e+00 2.1445061891722389e+02
    -4.0619675381465953e+01 2.2026305071698130e+02
    -4.1669161701046475e-01 9.3318215524228101e-02
    3.1087067976951057e+00 2.2120290067082436e+02 1.4919545002505455e+01
    2.6034170026750883e+02 -9.0704390116190459e-01
    1.6118690953076861e-01 2.8125106711334973e+00 3.6998648191247966e+01
    -2.4150881921272031e+01 3.3253628213768940e+02</data></extrinsic_parameters>
